+--------------------------------------------------------------------------------------------------------------------------------------------------------------------------------------------------------------------------------------------------------------+
; Legal Partition Candidates                                                                                                                                                                                                                                   ;
+---------------------------------------------------------+-------+----------------+--------------+----------------+--------+-----------------+---------------+-----------------+-------+----------------+--------------+------------------+-------------------+
; Hierarchy                                               ; Input ; Constant Input ; Unused Input ; Floating Input ; Output ; Constant Output ; Unused Output ; Floating Output ; Bidir ; Constant Bidir ; Unused Bidir ; Input only Bidir ; Output only Bidir ;
+---------------------------------------------------------+-------+----------------+--------------+----------------+--------+-----------------+---------------+-----------------+-------+----------------+--------------+------------------+-------------------+
; b2v_Datapath|b2v_RegisterFile                           ; 10    ; 0              ; 0            ; 0              ; 0      ; 0               ; 0             ; 0               ; 32    ; 0              ; 0            ; 0                ; 0                 ;
; b2v_Datapath|b2v_PC                                     ; 4     ; 0              ; 0            ; 0              ; 0      ; 0               ; 0             ; 0               ; 32    ; 0              ; 0            ; 0                ; 0                 ;
; b2v_Datapath|b2v_IR                                     ; 8     ; 0              ; 0            ; 0              ; 13     ; 0               ; 0             ; 0               ; 32    ; 0              ; 0            ; 0                ; 0                 ;
; b2v_Datapath|b2v_ALU                                    ; 17    ; 0              ; 0            ; 0              ; 0      ; 0               ; 0             ; 0               ; 32    ; 0              ; 0            ; 0                ; 0                 ;
; b2v_Datapath                                            ; 28    ; 0              ; 0            ; 0              ; 8      ; 0               ; 0             ; 0               ; 32    ; 0              ; 0            ; 0                ; 0                 ;
; b2v_CPUMemoryInterface                                  ; 8     ; 0              ; 0            ; 0              ; 32     ; 0               ; 0             ; 0               ; 64    ; 0              ; 0            ; 0                ; 0                 ;
; b2v_ControlUnit|b2v_ShiftControl                        ; 4     ; 0              ; 0            ; 0              ; 1      ; 0               ; 0             ; 0               ; 32    ; 0              ; 27           ; 0                ; 27                ;
; b2v_ControlUnit|b2v_Sequencer                           ; 10    ; 0              ; 0            ; 0              ; 10     ; 0               ; 0             ; 0               ; 0     ; 0              ; 0            ; 0                ; 0                 ;
; b2v_ControlUnit|b2v_ControlSignalsLogic|opcode_decoder1 ; 5     ; 0              ; 0            ; 0              ; 23     ; 0               ; 0             ; 0               ; 0     ; 0              ; 0            ; 0                ; 0                 ;
; b2v_ControlUnit|b2v_ControlSignalsLogic                 ; 15    ; 0              ; 0            ; 0              ; 39     ; 0               ; 0             ; 0               ; 0     ; 0              ; 0            ; 0                ; 0                 ;
; b2v_ControlUnit|b2v_CONLogic                            ; 6     ; 0              ; 0            ; 0              ; 1      ; 0               ; 0             ; 0               ; 32    ; 0              ; 0            ; 0                ; 0                 ;
; b2v_ControlUnit                                         ; 12    ; 0              ; 0            ; 0              ; 33     ; 0               ; 0             ; 0               ; 32    ; 0              ; 0            ; 0                ; 0                 ;
+---------------------------------------------------------+-------+----------------+--------------+----------------+--------+-----------------+---------------+-----------------+-------+----------------+--------------+------------------+-------------------+
